      0/99    0.847G   0.05522   0.01109   0.02947   0.09577        82       640    0.1694    0.2706    0.1237   0.06269   0.02827  0.006593   0.02189
      1/99     2.68G   0.03832  0.008952   0.02167   0.06895        49       640    0.2457    0.4417    0.2257    0.1408   0.02585   0.00511   0.01853
      2/99     3.26G   0.03445  0.008242   0.01831     0.061        56       640    0.5027    0.4953    0.3758    0.2581   0.02399  0.004972   0.01476
      3/99     3.27G   0.03056  0.007672   0.01521   0.05344        43       640    0.4541    0.5909    0.4512    0.3243   0.02208  0.004697   0.01245
      4/99     3.27G   0.02928  0.007364   0.01337   0.05001        50       640    0.5048    0.6507    0.5035    0.3755   0.02105  0.004534   0.01138
      5/99     3.27G   0.02774  0.007115    0.0124   0.04725        65       640    0.5261    0.6696    0.5329    0.4019   0.02076  0.004386   0.01076
      6/99     3.27G   0.02688  0.006975   0.01164    0.0455        46       640     0.571    0.7071    0.5594    0.4287   0.02082  0.004263   0.01052
      7/99     3.27G    0.0262  0.006843   0.01104   0.04409        59       640    0.5967    0.7071     0.592     0.462   0.02106  0.003985  0.009976
      8/99     3.27G   0.02567  0.006736   0.01049    0.0429        71       640    0.5816    0.7401    0.5978    0.4669   0.02124  0.003931   0.00981
      9/99     3.27G   0.02578  0.006635   0.01015   0.04256        59       640    0.5908    0.7572    0.6157    0.4829   0.01974  0.004246  0.009511
     10/99     3.27G   0.02551  0.006619  0.009623   0.04176        74       640    0.5975    0.7828    0.6342    0.5012   0.01962  0.004268  0.009424
     11/99     3.27G   0.02552  0.006534  0.009806   0.04186        70       640     0.622    0.7442    0.6388     0.503    0.0189  0.004378  0.009279
     12/99     3.27G   0.02496  0.006485  0.009221   0.04067        61       640    0.6195    0.7564    0.6577    0.5188   0.01818  0.004414  0.009189
     13/99    0.778G    0.0249  0.006451  0.008869   0.04022        82       640    0.6157    0.7687    0.6761    0.5412   0.01868  0.004249  0.009004
     14/99     2.58G   0.02493   0.00634  0.008813   0.04009        49       640    0.6449    0.7526    0.7014    0.5636   0.01752  0.004498   0.00879
     15/99     3.16G    0.0245  0.006282  0.008615   0.03939        56       640    0.6523    0.7599    0.7064    0.5702   0.01825  0.004189   0.00874
     16/99     3.16G   0.02391  0.006178  0.008468   0.03856        43       640     0.674     0.762    0.7202     0.585   0.01799  0.004074  0.008519
     17/99     3.16G   0.02421   0.00615  0.008212   0.03857        50       640    0.6989    0.7385    0.7269    0.5905   0.01716  0.004382  0.008547
     18/99     3.16G   0.02365   0.00609  0.008229   0.03797        65       640    0.6075    0.7634    0.7337    0.5962   0.01714  0.004263  0.008216
     19/99     3.16G   0.02406  0.006094  0.007909   0.03807        46       640    0.6106     0.761    0.7381    0.6004   0.01624  0.004534    0.0083
     20/99     3.16G   0.02379  0.006072  0.007813   0.03768        59       640    0.6988    0.7691     0.744    0.6079    0.0167  0.004546  0.008312
     21/99     3.16G   0.02354  0.006048  0.007527   0.03711        71       640    0.6265    0.7603    0.7472     0.611   0.01594  0.004585  0.008118
     22/99     3.16G   0.02353  0.006006  0.007512   0.03705        59       640    0.6308    0.7568    0.7525    0.6181    0.0167  0.004389  0.007887
     23/99     3.16G   0.02358   0.00608  0.007175   0.03683        74       640    0.6438    0.7491    0.7547    0.6178   0.01572  0.004521  0.007901
     24/99    0.696G   0.02363  0.006041  0.007087   0.03675        82       640    0.6341    0.7654    0.7558    0.6204   0.01601  0.004445  0.007664
     25/99     2.68G   0.02336  0.005893  0.007146    0.0364        49       640    0.6529    0.7681    0.7632    0.6288   0.01587  0.004389   0.00768
     26/99     3.04G   0.02336  0.005916  0.006941   0.03622        56       640    0.6402    0.7833    0.7686    0.6315   0.01488  0.004627  0.007453
     27/99     3.04G   0.02306  0.005896  0.006858   0.03581        43       640    0.7512    0.7639    0.7728     0.637   0.01462  0.004745  0.007299
     28/99     3.04G   0.02311  0.005884  0.006767   0.03576        50       640     0.742    0.7831    0.7773    0.6415   0.01463  0.004767  0.007337
     29/99     3.04G   0.02262  0.005846  0.006818   0.03529        65       640    0.7557    0.7775    0.7818    0.6458   0.01465  0.004718  0.007247
     30/99     3.04G    0.0229  0.005827  0.006574    0.0353        46       640    0.7724    0.7667    0.7872    0.6505   0.01477  0.004674   0.00729
     31/99     3.04G   0.02249    0.0058  0.006444   0.03473        59       640    0.7949    0.7504     0.793    0.6564   0.01429  0.004719  0.007083
     32/99     3.04G   0.02224  0.005771  0.006284   0.03429        71       640    0.6872    0.7856    0.7955    0.6606   0.01399  0.004746  0.006909
     33/99     3.04G    0.0223  0.005737  0.006298   0.03434        59       640    0.7918    0.7611    0.7998    0.6647   0.01422  0.004751   0.00671
     34/99     3.04G   0.02223  0.005776  0.006005   0.03401        74       640    0.7777    0.7868    0.8045    0.6695   0.01455  0.004697  0.006662
     35/99     3.04G   0.02293  0.005822  0.006755   0.03551        70       640    0.7764    0.7943    0.8083    0.6726   0.01407   0.00485  0.006716
     36/99     3.04G   0.02248  0.005824   0.00635   0.03466        61       640      0.78    0.7973    0.8106    0.6757   0.01402  0.004854  0.006653
     37/99     3.04G   0.02258  0.005724  0.006678   0.03498        49       640    0.8076    0.7711    0.8147    0.6801   0.01403  0.004839  0.006512
     38/99     3.04G    0.0226  0.005731  0.006364    0.0347        47       640    0.8107    0.7714    0.8162    0.6817   0.01402  0.004843    0.0064
     39/99     3.04G   0.02288   0.00579   0.00655   0.03522        48       640    0.8105    0.7763    0.8189    0.6831   0.01394  0.004838  0.006336
     40/99     3.04G   0.02272  0.005712  0.006477   0.03491        64       640    0.8103    0.7851    0.8238    0.6875   0.01398  0.004809   0.00617
     41/99     3.04G   0.02247  0.005724  0.006234   0.03443        51       640    0.8133    0.7839    0.8251    0.6892   0.01387  0.004813  0.006106
     42/99     3.04G   0.02223  0.005754  0.006287   0.03427        62       640    0.8195    0.7823    0.8266    0.6906   0.01383  0.004806  0.005852
     43/99     3.04G   0.02241  0.005692  0.006127   0.03422        57       640    0.8313    0.7754    0.8285    0.6933   0.01384  0.004758  0.005731
     44/99     3.04G    0.0221  0.005723  0.006052   0.03387        67       640    0.8229    0.7917    0.8297     0.694    0.0138  0.004749  0.005633
     45/99     3.04G   0.02244  0.005671  0.006203   0.03432        72       640    0.8338     0.782    0.8321    0.6968   0.01375  0.004773  0.005558
     46/99     3.04G   0.02191   0.00563  0.005847   0.03338        85       640    0.8433    0.7751    0.8337    0.6985   0.01371  0.004793  0.005536
     47/99     3.04G   0.02214  0.005594  0.005773   0.03351        61       640    0.8342    0.7845    0.8354    0.6995   0.01358  0.004813  0.005511
     48/99     3.04G   0.02224   0.00564  0.005952   0.03383        60       640    0.8183    0.8054    0.8384    0.7016   0.01352  0.004815  0.005469
     49/99    0.795G   0.02163  0.005604  0.005406   0.03264        82       640    0.8414    0.7833    0.8389    0.7018    0.0135  0.004815  0.005418
     50/99     2.69G    0.0216  0.005512  0.005434   0.03255        49       640    0.8299    0.7994    0.8396     0.703   0.01348  0.004809  0.005366
     51/99     3.27G   0.02151  0.005482  0.005333   0.03232        56       640     0.833    0.7997    0.8402    0.7042   0.01346  0.004815  0.005319
     52/99     3.27G    0.0215   0.00546  0.005353   0.03232        43       640    0.8425    0.7912     0.841    0.7043   0.01346  0.004813  0.005276
     53/99     3.27G    0.0214  0.005438   0.00521   0.03204        50       640    0.8351     0.799    0.8418    0.7044   0.01344  0.004813  0.005257
     54/99     3.27G   0.02098  0.005404  0.005195   0.03158        65       640    0.8521    0.7822     0.843    0.7066   0.01343  0.004808  0.005236
     55/99     3.27G   0.02125  0.005406  0.005076   0.03173        46       640    0.8534    0.7818     0.844    0.7074   0.01343  0.004818  0.005215
     56/99     3.27G   0.02097  0.005384  0.005007   0.03136        59       640    0.8534    0.7833    0.8453    0.7091   0.01344  0.004822  0.005201
     57/99     3.27G   0.02099  0.005358  0.004889   0.03124        71       640    0.8475    0.7914    0.8462    0.7103   0.01347  0.004819  0.005185
     58/99     3.27G   0.02101  0.005338  0.004917   0.03126        59       640    0.8516    0.7883     0.847    0.7114   0.01349  0.004818   0.00516
     59/99     3.27G   0.02093  0.005389  0.004682   0.03101        74       640    0.8502    0.7908    0.8475    0.7118    0.0135  0.004814  0.005133
     60/99     3.27G   0.02124  0.005392  0.005053   0.03169        70       640    0.8552    0.7866    0.8478    0.7119    0.0135  0.004814  0.005115
     61/99     3.27G   0.02094  0.005397   0.00481   0.03115        61       640    0.8538    0.7895    0.8466    0.7114   0.01349  0.004818  0.005103
     62/99     3.27G   0.02089  0.005318  0.005027   0.03124        49       640    0.8561    0.7879    0.8472     0.712   0.01349  0.004817  0.005093
     63/99     3.27G   0.02091  0.005326  0.004858    0.0311        47       640    0.7722    0.8293    0.8477    0.7126   0.01349  0.004816  0.005083
     64/99     3.27G    0.0212  0.005366  0.005052   0.03161        48       640    0.7752    0.8255    0.8477     0.713   0.01348  0.004817  0.005073
     65/99     3.27G   0.02106  0.005329  0.004956   0.03134        64       640    0.7811    0.8242    0.8481    0.7136   0.01346  0.004818  0.005064
     66/99     3.27G   0.02088  0.005332  0.004778   0.03099        51       640    0.7855    0.8199    0.8486    0.7141   0.01344   0.00482  0.005056
     67/99     3.27G   0.02077  0.005358  0.004779   0.03091        62       640    0.7898    0.8162     0.849    0.7142   0.01341  0.004821   0.00505
     68/99     3.27G   0.02105  0.005305  0.004765   0.03112        57       640      0.79    0.8159    0.8494    0.7144   0.01339  0.004821  0.005044
     69/99     3.27G   0.02071  0.005348  0.004678   0.03074        67       640    0.7884    0.8149    0.8496    0.7148   0.01338  0.004821   0.00504
     70/99     3.27G   0.02089  0.005294  0.004701   0.03089        72       640    0.7858    0.8146    0.8516    0.7157   0.01337  0.004822  0.005034
     71/99     3.27G   0.02059  0.005279  0.004494   0.03036        85       640    0.7773      0.82    0.8518    0.7159   0.01336  0.004824  0.005028
     72/99     3.27G   0.02074  0.005243  0.004387   0.03037        61       640    0.7784    0.8195     0.852     0.716   0.01335  0.004823  0.005023
     73/99     3.27G   0.02068  0.005283  0.004602   0.03056        60       640    0.7759    0.8213    0.8522    0.7161   0.01334  0.004823  0.005019
     74/99     3.27G     0.021  0.005395  0.004898    0.0313        63       640    0.7816    0.8151    0.8526    0.7164   0.01333  0.004823  0.005012
     75/99     3.27G   0.02115  0.005296  0.004884   0.03133        67       640     0.781    0.8165    0.8528    0.7167   0.01332  0.004823  0.005003
     76/99     3.27G   0.02126  0.005356  0.004883    0.0315        44       640    0.7827    0.8148    0.8531     0.717    0.0133  0.004824  0.004998
     77/99     3.27G   0.02104  0.005327  0.004959   0.03133        70       640    0.7848    0.8133    0.8535    0.7177   0.01329  0.004825  0.004994
     78/99     3.27G   0.02107  0.005284  0.004849    0.0312        65       640    0.7906    0.8084    0.8537    0.7182   0.01327  0.004826  0.004988
     79/99     3.27G     0.021  0.005302  0.004839   0.03114        80       640    0.7886     0.811     0.854    0.7181   0.01326  0.004827  0.004983
     80/99     3.27G   0.02093  0.005302  0.004958   0.03119        46       640    0.7868    0.8128    0.8542    0.7186   0.01325  0.004828   0.00498
     81/99     3.27G   0.02094  0.005304    0.0049   0.03115        46       640    0.7906    0.8095    0.8545     0.719   0.01324  0.004828  0.004975
     82/99      0.7G   0.02027  0.005239  0.004112   0.02962        82       640    0.7928    0.8083    0.8547    0.7191   0.01324  0.004829  0.004968
     83/99     2.66G   0.02019  0.005158  0.004218   0.02956        49       640    0.7913    0.8091    0.8549    0.7194   0.01323   0.00483  0.004963
     84/99     3.24G    0.0201   0.00513  0.004072    0.0293        56       640    0.7889    0.8111    0.8551    0.7194   0.01322   0.00483  0.004957
     85/99     3.24G   0.02005  0.005108  0.004095   0.02925        43       640    0.7885    0.8112    0.8554      0.72   0.01321  0.004831   0.00495
     86/99     3.24G   0.01996  0.005098  0.004041    0.0291        50       640    0.7941    0.8061    0.8557    0.7205    0.0132  0.004831  0.004944
     87/99     3.24G   0.01987   0.00508  0.004076   0.02902        65       640    0.7889    0.8113    0.8563    0.7209   0.01319  0.004832  0.004939
     88/99     3.24G   0.01997  0.005079  0.003922   0.02897        46       640    0.7912    0.8096    0.8566    0.7212   0.01318  0.004834  0.004933
     89/99     3.24G   0.01978  0.005078  0.003889   0.02875        59       640    0.7889    0.8116    0.8568    0.7217   0.01317  0.004834  0.004928
     90/99     3.24G   0.01982  0.005061  0.003821    0.0287        71       640    0.7927    0.8082     0.857    0.7217   0.01315  0.004837  0.004925
     91/99     3.24G    0.0198   0.00504  0.003854   0.02869        59       640     0.792    0.8091    0.8574    0.7222   0.01314  0.004838  0.004921
     92/99     3.24G   0.01976  0.005086  0.003648    0.0285        74       640    0.7858    0.8149    0.8575    0.7223   0.01313  0.004839  0.004916
     93/99     3.24G   0.02005  0.005095  0.003889   0.02903        70       640    0.7871    0.8151    0.8577    0.7225   0.01312  0.004841  0.004911
     94/99     3.24G   0.01989  0.005115  0.003726   0.02873        61       640    0.7886    0.8143    0.8579    0.7228   0.01311  0.004842  0.004906
     95/99     3.24G   0.01987   0.00502  0.003916   0.02881        49       640    0.7892    0.8135    0.8582    0.7233   0.01311  0.004844    0.0049
     96/99     3.24G   0.01982   0.00505  0.003792   0.02866        47       640    0.7895    0.8134    0.8582    0.7233    0.0131  0.004846  0.004896
     97/99     3.24G   0.02015   0.00509  0.003973   0.02921        48       640    0.7894    0.8137    0.8584    0.7235   0.01309  0.004848  0.004891
     98/99     3.24G      0.02  0.005069  0.003868   0.02894        64       640    0.7904    0.8139    0.8586    0.7236   0.01308   0.00485  0.004885
     99/99     3.24G    0.0199  0.005076  0.003799   0.02877        51       640    0.7911    0.8137    0.8586    0.7237   0.01306  0.004852  0.004878
